# k [1/Mpc]    P(k) - LCDM primordial
1.000000000000000048e-04 2.610256854489143377e-09
1.059560179277615973e-04 2.604976728546182868e-09
1.122667773510813578e-04 2.599707283440981384e-09
1.189534067370319513e-04 2.594448497567938667e-09
1.260382929679727457e-04 2.589200349365157306e-09
1.335451562929898853e-04 2.583962817314357951e-09
1.414991297434575767e-04 2.578735879940787495e-09
1.499268432786045660e-04 2.573519515813133878e-09
1.588565129428052810e-04 2.568313703543436744e-09
1.683180353330956719e-04 2.563118421787000183e-09
1.783430876931909215e-04 2.557933649242304628e-09
1.889652339691209643e-04 2.552759364650920834e-09
2.002200371815584547e-04 2.547595546797422193e-09
2.121451784910629765e-04 2.542442174509295814e-09
2.247805833548725178e-04 2.537299226656858563e-09
2.381685551976158279e-04 2.532166682153169385e-09
2.523539170434766117e-04 2.527044519953942031e-09
2.673841615839946790e-04 2.521932719057460278e-09
2.833096101839323875e-04 2.516831258504489828e-09
3.001835813575589175e-04 2.511740117378194356e-09
3.180625692794118915e-04 2.506659274804048650e-09
3.370064329271928389e-04 2.501588709949753415e-09
3.570785964900462521e-04 2.496528402025149244e-09
3.783462617131928916e-04 2.491478330282133076e-09
4.008806328898464845e-04 2.486438474014569684e-09
4.247571552536898404e-04 2.481408812558210612e-09
4.500557675700497698e-04 2.476389325290608152e-09
4.768611697714469281e-04 2.471379991631029724e-09
5.052631065335679277e-04 2.466380791040374339e-09
5.353566677410724660e-04 2.461391703021087805e-09
5.672426068491977658e-04 2.456412707117079601e-09
6.010276782070381272e-04 2.451443782913639328e-09
6.368249944718586218e-04 2.446484910037350686e-09
6.747544053110692778e-04 2.441536068156011234e-09
7.149428986597577062e-04 2.436597236978545125e-09
7.575250258771912271e-04 2.431668396254924108e-09
8.026433522257173624e-04 2.426749525776081503e-09
8.504489341802677150e-04 2.421840605373829895e-09
9.011018251665018231e-04 2.416941614920780073e-09
9.547716114208055702e-04 2.412052534330256654e-09
1.011637979766207094e-03 2.407173343556215366e-09
1.071891319205128638e-03 2.402304022593162816e-09
1.135733358343105071e-03 2.397444551476074177e-09
1.203377840777590611e-03 2.392594910280308824e-09
1.275051240713012809e-03 2.387755079121532159e-09
1.350993521198027864e-03 2.382925038155631657e-09
1.431458937523478591e-03 2.378104767578635385e-09
1.516716888470923986e-03 2.373294247626633008e-09
1.607052818261638441e-03 2.368493458575693072e-09
1.702769172225901319e-03 2.363702380741781524e-09
1.804186409392071833e-03 2.358920994480683133e-09
1.911644075385703643e-03 2.354149280187918768e-09
2.025501939230666629e-03 2.349387218298665994e-09
2.146141197858405722e-03 2.344634789287680069e-09
2.273965752357927448e-03 2.339891973669211235e-09
2.409403560239526711e-03 2.335158751996927368e-09
2.552908068239516468e-03 2.330435104863831678e-09
2.704959730463136862e-03 2.325721012902185782e-09
2.866067616948250220e-03 2.321016456783429051e-09
3.036771118035460487e-03 2.316321417218098374e-09
3.217641750250735486e-03 2.311635874955752062e-09
3.409285069746814407e-03 2.306959810784886707e-09
3.612342699709430310e-03 2.302293205532861919e-09
3.827494478516314975e-03 2.297636040065819255e-09
4.055460735840827821e-03 2.292988295288607776e-09
4.297004704320843936e-03 2.288349952144699672e-09
4.552935074866947852e-03 2.283720991616117061e-09
4.824108704165373275e-03 2.279101394723352575e-09
5.111433483440165799e-03 2.274491142525289541e-09
5.415871378079475766e-03 2.269890216119128356e-09
5.738441648302393047e-03 2.265298596640305846e-09
6.080224261649427343e-03 2.260716265262417088e-09
6.442363508721370147e-03 2.256143203197143451e-09
6.826071834272392884e-03 2.251579391694169050e-09
7.232633896483533706e-03 2.247024812041107953e-09
7.663410868007462622e-03 2.242479445563425599e-09
8.119844993184008319e-03 2.237943273624364352e-09
8.603464416684509716e-03 2.233416277624864505e-09
9.115888299750818727e-03 2.228898439003490662e-09
9.658832241158708462e-03 2.224389739236351912e-09
1.023411402105453734e-02 2.219890159837030284e-09
1.084365968689610799e-02 2.215399682356501331e-09
1.148951000187309682e-02 2.210918288383061754e-09
1.217382727739662121e-02 2.206445959542250409e-09
1.289890261253309398e-02 2.201982677496775097e-09
1.366716356462007245e-02 2.197528423946437708e-09
1.448118227674534582e-02 2.193083180628057704e-09
1.534368408930013132e-02 2.188646929315398503e-09
1.625755666443795197e-02 2.184219651819091787e-09
1.722585965398787389e-02 2.179801329986563888e-09
1.825183494319044392e-02 2.175391945701960927e-09
1.933891750455232067e-02 2.170991480886073538e-09
2.049074689815848227e-02 2.166599917496264079e-09
2.171117945694505183e-02 2.162217237526393010e-09
2.300430119772919196e-02 2.157843423006742796e-09
2.437444150122221667e-02 2.153478456003948009e-09
2.582618760682677331e-02 2.149122318620916742e-09
2.736439997074672018e-02 2.144774992996761959e-09
2.899422853882878057e-02 2.140436461306725392e-09
3.072112998861759037e-02 2.136106705762105986e-09
3.255088599835059826e-02 2.131785708610186701e-09
3.448962260405760011e-02 2.127473452134158819e-09
3.654383070957258062e-02 2.123169918653055358e-09
3.872038781812556923e-02 2.118875090521672903e-09
4.102658105827194229e-02 2.114588950130502125e-09
4.347013158125026533e-02 2.110311479905654159e-09
4.605922041145107948e-02 2.106042662308790294e-09
4.880251583654433845e-02 2.101782479837048355e-09
5.170920242896760721e-02 2.097530915022971980e-09
5.478901179593945181e-02 2.093287950434438240e-09
5.805225516094901506e-02 2.089053568674586914e-09
6.150985788580504154e-02 2.084827752381748114e-09
6.517339604882427251e-02 2.080610484229373213e-09
6.905513520162330499e-02 2.076401746925961226e-09
7.316807143427199456e-02 2.072201523214988916e-09
7.752597488629464628e-02 2.068009795874841305e-09
8.214343584919429897e-02 2.063826547718738888e-09
8.703591361485166211e-02 2.059651761594668149e-09
9.221978823334331388e-02 2.055485420385312899e-09
9.771241535346501805e-02 2.051327507007980253e-09
1.035321843295662625e-01 2.047178004414534861e-09
1.096985797892384012e-01 2.043036895591325293e-09
1.162322468679853060e-01 2.038904163559117449e-09
1.231550603292826118e-01 2.034779791373022182e-09
1.304901978014403052e-01 2.030663762122427884e-09
1.382622173764656293e-01 2.026556058930930999e-09
1.464971398307286232e-01 2.022456664956263647e-09
1.552225357427048091e-01 2.018365563390230761e-09
1.644676177994664479e-01 2.014282737458634394e-09
1.742633386009650731e-01 2.010208170421209617e-09
1.846424942895544541e-01 2.006141845571554207e-09
1.956398343517064820e-01 2.002083746237059992e-09
2.072921779595371938e-01 1.998033855778844608e-09
2.196385372416546911e-01 1.993992157591684081e-09
2.327202478960409826e-01 1.989958635103943765e-09
2.465811075822604004e-01 1.985933271777510918e-09
2.612675225563328985e-01 1.981916051107726051e-09
2.768286630392066683e-01 1.977906956623316753e-09
2.933166278390045290e-01 1.973905971886328620e-09
3.107866187782014067e-01 1.969913080492059496e-09
3.292971255097151273e-01 1.965928266068989988e-09
3.489101213406773927e-01 1.961951512278718949e-09
3.696912707195028069e-01 1.957982802815894402e-09
3.917101490809260511e-01 1.954022121408147373e-09
4.150404757850476578e-01 1.950069451816025713e-09
4.397603609302720984e-01 1.946124777832926682e-09
4.659525668664681874e-01 1.942188083285031190e-09
4.937047852839003825e-01 1.938259352031236793e-09
5.231099308056263997e-01 1.934338567963091938e-09
5.542664520663107552e-01 1.930425715004730605e-09
5.872786613189482363e-01 1.926520777112804077e-09
6.222570836730231258e-01 1.922623738276418479e-09
6.593188271333548789e-01 1.918734582517066125e-09
6.985879746785249589e-01 1.914853293888561412e-09
7.401959996915644657e-01 1.910979856476976713e-09
7.842822061337682005e-01 1.907114254400572894e-09
8.309941949353395474e-01 1.903256471809740169e-09
8.804883581643464519e-01 1.899406492886927378e-09
9.329304026284686024e-01 1.895564301846581190e-09
9.884959046625586554e-01 1.891729882935079512e-09
1.047370897959450708e+00 1.887903220430666558e-09
1.109752496412072187e+00 1.884084298643390809e-09
1.175849554052158075e+00 1.880273101915036770e-09
1.245883364295008233e+00 1.876469614619065001e-09
1.320088400831419539e+00 1.872673821160544702e-09
1.398713102647238582e+00 1.868885705976091260e-09
1.482020705798860138e+00 1.865105253533803382e-09
1.570290124729377457e+00 1.861332448333196508e-09
1.663816886076130652e+00 1.857567274905142429e-09
1.762914118095948002e+00 1.853809717811803731e-09
1.867913599020784687e+00 1.850059761646571547e-09
1.979166867853557443e+00 1.846317391034002282e-09
2.097046401323234832e+00 1.842582590629753920e-09
2.221946860939523649e+00 1.838855345120523774e-09
2.354286414322420029e+00 1.835135639223985419e-09
2.494508135230316448e+00 1.831423457688726029e-09
2.643081486974108163e+00 1.827718785294184342e-09
2.800503894183631104e+00 1.824021606850587377e-09
2.967302408188872587e+00 1.820331907198888605e-09
3.144035471591500208e+00 1.816649671210706115e-09
3.331294787934676815e+00 1.812974883788259752e-09
3.529707302730650031e+00 1.809307529864310522e-09
3.739937302478801406e+00 1.805647594402096692e-09
3.962688638701478361e+00 1.801995062395275274e-09
4.198707084443914717e+00 1.798349918867856873e-09
4.448782831127584991e+00 1.794712148874147176e-09
4.713753134116728916e+00 1.791081737498684284e-09
4.994505115855139898e+00 1.787458669856177919e-09
5.291978735958447366e+00 1.783842931091448210e-09
5.607169938205458060e+00 1.780234506379365105e-09
5.941133984965039971e+00 1.776633380924786950e-09
6.294988990221887626e+00 1.773039539962501141e-09
6.669919663030128731e+00 1.769452968757161255e-09
7.067181273927491070e+00 1.765873652603229772e-09
7.488103857590030721e+00 1.762301576824914793e-09
7.934096665797492065e+00 1.758736726776111932e-09
8.406652885618333571e+00 1.755179087840342895e-09
8.907354638610438968e+00 1.751628645430696754e-09
9.437878277775391567e+00 1.748085384989768733e-09
1.000000000000000000e+01 1.744549291989602721e-09
